"mmsi","alb_cc","bet_cc","other_cc","swo_cc","yft_cc"
"12000001",0.0259206169144027,0.204074162245749,0.151098262836524,0.0282743295388015,0.590632628464522
"200004544",0.752987722042923,0.048595859022749,0.0977897491027386,0.0137457605728838,0.0868809092587058
"200005873",0.0344731512513585,0.00754035972562995,0.676375385981832,0.0327760256450186,0.248835077396161
"200008650",0.789154471943025,0.0740576388002303,0.0506290594273664,0.0257072097510326,0.060451620078346
"200012314",0.0287873998146569,0.0287373873206777,0.647563109517053,0.0433937029111611,0.251518400436451
"200015911",0.0668354300437171,0.120938563210609,0.533936733493673,0.0220004303411989,0.256288842910801
"200016052",0.0200406125737288,0.137938808476863,0.390358211609972,0.0436124592932707,0.408049908046165
"200020753",0.00505875943653203,0.0481749552494358,0.66071289594521,0.0339520585259553,0.252101330842867
"200020783",0.0246683539797497,0.0210852249002319,0.671154555969624,0.0331680366053309,0.249923828545063
"200021400",0.025690923955144,0.106481611242195,0.272777977746374,0.484783247839586,0.1102662392167
"200021405",0.0233016877264778,0.214131401676297,0.106274779024284,0.0371510504019837,0.619141081170958
"200021416",0.0924969197345765,0.18305448697677,0.33338346548219,0.0241732175443391,0.366891910262125
"200021422",0.0419720685937047,0.221630763242236,0.118944806467852,0.0488887857977195,0.568563575898487
"200021444",0.0507093705392235,0.178427777947226,0.478950881509922,0.0156871966660588,0.27622477333757
"200023459",0.0178470857605326,0.258976507348256,0.169825917044102,0.0705123871521322,0.482838102694978
"200023914",0.0199960281858024,0.462021805058177,0.220344784171549,0.0179988155999176,0.279638566984554
"200995958",0.0651468793365995,0.0489163834042427,0.539057284117529,0.0934520188419304,0.253427434299699
"201601251",0.0581169039668793,0.234747727455457,0.247327629069421,0.0437740411351852,0.416033698373057
"201601318",0.0287873998146569,0.0287373873206777,0.647563109517053,0.0433937029111611,0.251518400436451
"201601321",0.0234648433322423,0.256691758360252,0.126020868224758,0.0693325478177551,0.524489982264992
"201601542",0.0254299505465929,0.187999389401912,0.199119285390291,0.0474323428021592,0.540019031859044
"201706140",0.0333631998886431,0.210711325713456,0.16142098284247,0.0356491708817448,0.558855320673686
"201707002",0.0754531413575698,0.215777910268387,0.143862111702103,0.047306971874956,0.517599864796984
"205615410",0.406811555252326,0.122713125889496,0.129758990509282,0.268660039531409,0.0720562888174879
"224015550",0.17846223794577,0.110131040354497,0.140681943340017,0.376479692735842,0.194245085623874
"224017000",0.166775299265266,0.146184500799617,0.0519204675287102,0.615499069226459,0.0196206631799469
"224050000",0.233885623849489,0.0604396958946347,0.0143244683261004,0.67308557662877,0.0182646353010066
"224051350",0.256738009856078,0.0510872777796336,0.0307071126185641,0.633457487684959,0.0280101120607651
"224085000",0.0584529298872751,0.0108288431856967,0.0440136612538358,0.865294851567951,0.0214097141052414
"224154000",0.639821809596878,0.045257703289931,0.148412562952167,0.0759771562517614,0.0905307679092623
"224156000",0.112426077476737,0.163752736053066,0.103257040288069,0.554706981812926,0.0658571643692017
"224166160",0.00324196875921014,0.0232832301797819,0.0406719717064543,0.875626289419393,0.0571765399351607
"224196000",0.264140390156062,0.046251017137819,0.0136553778802364,0.665133509812764,0.0108197050131192
"224256000",0.487110806839912,0.0435041470795004,0.331368456111192,0.0899912235233656,0.0480253664460301
"224295000",0.0892046515092498,0.0265032434757698,0.0725305343150987,0.758555252776977,0.053206317922905
"224313000",0.288232015214496,0.153232732167017,0.0764589238727703,0.428231667060245,0.0538446616854715
"224318000",0.479745600526128,0.0490465510344357,0.287391852802365,0.0853200853151257,0.0984959103219452
"224342000",0.0450062556085138,0.056108320228894,0.0271498725947057,0.86107145039051,0.0106641011773769
"224366000",0.0125698175781783,0.0526475672701931,0.0311628504846769,0.855334340343482,0.0482854243234697
"224392000",0.00049130279036454,0.00352844731261806,0.0061636168245733,0.981151838406015,0.00866479466642917
"224456000",0.126632854422347,0.0987459914484161,0.0306582503701392,0.683849094228754,0.0601138095303441
"224544160",0.0660722360962598,0.181284161862683,0.103958417348692,0.571595352186255,0.0770898325061113
"224581000",0.159273044086608,0.0472738990103796,0.0333473510717953,0.721470044827651,0.0386356610035659
"224591000",0.0977399932156725,0.0485203318978362,0.0435287323220054,0.769897221038021,0.0403137215264653
"224619000",0.128232983126003,0.073858219837708,0.0496118547675495,0.705689812237017,0.0426071300317227
"224626000",0.0349787072460833,0.0288267913020048,0.0242533622022127,0.903066935258862,0.00887420399083726
"224892000",0.0484777206492124,0.0281552947476626,0.0229870561514313,0.873571197042953,0.0268087314087411
"224900000",0.143616575295644,0.0660795175420812,0.0327190428391884,0.733501495128364,0.0240833691947222
"224918000",0.177536530043005,0.074345016404761,0.0880024688544681,0.639976643447944,0.0201393412498219
"224987000",0.16962329651071,0.0308602930461042,0.0380994507783991,0.743499201053607,0.0179177586111802
"224992000",0.0207957003707223,0.0436515659908873,0.0307185037462433,0.881119588926995,0.0237146409651526
"225983597",0.0997052561069598,0.122380306904184,0.121682671334619,0.589824277660114,0.066407487994124
"228966000",0.496144041540229,0.161093695570927,0.0747610864199698,0.0768571507654112,0.191144025703464
"261106453",0.0287873998146569,0.0287373873206777,0.647563109517053,0.0433937029111611,0.251518400436451
"303114000",0.00458029742557919,0.484827917015304,0.184263590958944,0.119627153136201,0.206701041463972
"303174000",0.0218069188608078,0.571659778887566,0.172417994120022,0.0708728418597881,0.163242466271816
"303513000",0.637001147965195,0.0518820406964228,0.0911503328759319,0.011837626605074,0.208128851857376
"303835000",0.00143351225876704,0.591694427475209,0.180083304326236,0.0187159225620816,0.208072833377706
"338077000",0.618150944125242,0.0416694519860992,0.101595910049498,0.0112875381723124,0.227296155666849
"338081000",0.631453808321844,0.0360749623221185,0.102293554533155,0.0132604237314698,0.216917251091413
"354153000",0.0083971124692631,0.0234586050667405,0.0420903982413527,0.868802167136682,0.0572517170859616
"359002003",0.0963023417089305,0.260834301716215,0.229380993854912,0.235460303045904,0.178022059674038
"366135000",0.0128609744010201,0.585388515253883,0.163404957997965,0.0891306622174434,0.149214890129688
"366721530",0.0120200206428969,0.459301600686589,0.171152609244759,0.0177316706321953,0.33979409879356
"366827010",0.00371294555922132,0.554193268082677,0.167642975811301,0.0795968888544238,0.194853921692376
"366909880",0.00331211280008849,0.598433500346771,0.175876796158545,0.0489701178660077,0.173407472828588
"366920620",0.0089758552962631,0.591266847905548,0.187813418798197,0.0545130904879751,0.157430787512017
"366928330",0.596647428871923,0.0536659859369626,0.104325932739577,0.0180706787198261,0.227289973731712
"366981180",0.0106927184893529,0.553364193476454,0.196766518732434,0.0676962352051074,0.171480334096651
"367003760",0.0126948323045745,0.624689393129536,0.134230325516264,0.0885790847335011,0.139806364316125
"367018980",0.00611711956110668,0.548656072538469,0.179548453594629,0.077635179685259,0.188043174620536
"367045610",0.0290988812707536,0.506897223212137,0.179091835399854,0.115520901769396,0.169391158347859
"367045620",0.00244111081040954,0.60121260344,0.190860569112188,0.0445362586725275,0.160949457964875
"367107220",0.00136700466032307,0.393502058284134,0.126242771932564,0.373692296413583,0.105195868709395
"367107250",0.0255528870788982,0.573660326050462,0.171420673629122,0.0576961728646273,0.17166994037689
"367111320",0.00665131782992209,0.56403873904835,0.208191638212877,0.0407144153317678,0.180403889577084
"367114110",0.0469898333283035,0.510232720310426,0.160856323087821,0.100648646389561,0.181272476883888
"367128410",0.0113149179743133,0.548683684967864,0.215364642124942,0.0476754802518131,0.176961274681067
"367128430",0.00777204728407598,0.538156223232892,0.234477659031852,0.048254641560311,0.171339428890869
"367131270",0.0115671250426295,0.547098012994225,0.200381459003173,0.0430408170360375,0.197912585923935
"367132820",0.0830797534386091,0.420353590913804,0.174190436873117,0.168251748034612,0.154124470739858
"367132830",0.0024156697824826,0.270600090110391,0.0932638609021647,0.5547136509224,0.0790067282825622
"367135280",0.0016645687263041,0.593507551732239,0.133455333435144,0.0213410238258768,0.250031522280436
"367137680",0.000844801711873651,0.610419729831122,0.163050889035412,0.0428742006338365,0.182810378787756
"367140060",0.634363912360656,0.0360332381911757,0.0954255932939198,0.00825159296725743,0.225925663186991
"367140260",0.00639758848848838,0.622670274182573,0.14058095631329,0.0862501872965922,0.144100993719057
"367148380",0.00547410441564712,0.538502672221533,0.184726188199432,0.066730128634372,0.204566906529016
"367150430",0.00674086296885188,0.605076897651952,0.190360963636462,0.0362458685968579,0.161575407145876
"367151660",0.0119954285606823,0.593655236193307,0.159038216625427,0.0691064640055109,0.166204654615073
"367152680",0.0246890694935764,0.616769440352172,0.137139441102395,0.0790103237394536,0.142391725312403
"367159690",0.00726227518298434,0.494751131048676,0.237721031409696,0.0413441256808101,0.218921436677834
"367161340",0.000789651464179981,0.56567202553178,0.19488646151274,0.106750866812567,0.131900994678733
"367163840",0.0167731508076928,0.57310387817308,0.188909411171939,0.0579814178856178,0.16323214196167
"367179270",0.0177402337149465,0.569819550308916,0.176611490487269,0.0674919847092623,0.168336740779607
"367183810",0.00658712037619282,0.591793574428186,0.167066034227546,0.0386622712964776,0.195890999671598
"367306510",0.00991140570019465,0.621885960812102,0.156868830302041,0.0564413336838605,0.154892469501802
"367320820",0.0120199758204061,0.60287590178109,0.162271532011017,0.0483636653411898,0.174468925046296
"367330610",0.0614620160896145,0.539473258388052,0.180820205205245,0.0340412870156445,0.184203233301444
"367338850",0.0442633316107655,0.610877180523646,0.165519291141228,0.0298670853080089,0.149473111416351
"367341510",0.00673232340272537,0.607768036141089,0.178678252983955,0.054194566805727,0.152626820666504
"367343000",0.0540258126277656,0.532116123323213,0.147410808710396,0.0382261910433933,0.228221064295231
"367359000",0.0121033925937096,0.51519374244967,0.186312497075898,0.0484037742072105,0.237986593673512
"367361970",0.0112562511440991,0.508576829140492,0.223192652620482,0.0710828799238684,0.185891387171058
"367363390",0.00216126087415367,0.381325540072437,0.0461768302528786,0.489047057768647,0.0812893110318827
"367370380",0.0114049532330302,0.521095359722618,0.199626087936598,0.0366361133509567,0.231237485756797
"367373170",0.603980301917308,0.040455828726387,0.103220250061355,0.0119053198359728,0.240438299458978
"367385940",0.086094430585417,0.460644424795352,0.214625631105251,0.0750133494144894,0.163622164099491
"367387110",0.00370147549159483,0.674256005795759,0.130266017134747,0.0580221331465916,0.133754368431308
"367396870",0.0199146723280933,0.518087992746505,0.204798861886277,0.0992741214764685,0.157924351562656
"367403980",0.00491090833429312,0.454992571157694,0.222314876565572,0.13602184188008,0.181759802062362
"367418820",0.0120057383322436,0.632944897982161,0.140853655164024,0.0616523721654758,0.152543336356095
"367423310",0.00864587770021383,0.543100509153296,0.194365547353806,0.0511950579089045,0.20269300788378
"367433150",0.00893685491712114,0.580714554905707,0.166278236298834,0.0512631134809517,0.192807240397386
"367439590",0.0276756465985167,0.604508826671208,0.158542469458186,0.0347414605302405,0.174531596741849
"367442170",0.013883386784198,0.562252452499507,0.200103959014763,0.0400640566330854,0.183696145068447
"367445940",0.0256389301430968,0.448273971760559,0.251567719488761,0.0879791017332199,0.186540276874363
"367447140",0.00132763727531382,0.64944060104543,0.196879484506672,0.0156350165302093,0.136717260642375
"367449780",0.00477587379895122,0.449393127098542,0.119753981152093,0.0342532201796222,0.391823797770791
"367460990",0.0268298316973683,0.528523056810559,0.193510955561672,0.0619715438221708,0.189164612108231
"367467330",0.0204359837084088,0.55974580793491,0.214470965312038,0.0475985371286306,0.157748705916013
"367471530",0.0183190572715183,0.405787094744078,0.210283531233875,0.169978913513796,0.195631403236732
"367477330",0.00623979325223697,0.612307311808188,0.173356853800464,0.0488867074073395,0.159209333731772
"367479170",0.00642043660049353,0.552164198366228,0.210123173689754,0.0310162319921978,0.200275959351326
"367479450",0.00752101384672352,0.615744854517366,0.143438547193958,0.0631319958000631,0.170163588641889
"367480150",0.0100672839147088,0.55103351471996,0.194934058105503,0.0290787742468306,0.214886369012998
"367482650",0.0112667626960682,0.574684636927762,0.188917734631212,0.051220311008617,0.173910554736341
"367485680",0.00234592769233766,0.792940678249917,0.030683663067803,0.0854094659036062,0.0886202650863361
"367490140",0.0105151967829108,0.595599610411188,0.107847705610287,0.0239739146523464,0.262063572543267
"367492480",0.0122275506651825,0.56578056963921,0.166029932838325,0.0878975863509441,0.168064360506338
"367511170",0.0118622631348097,0.410445654736235,0.188413327561601,0.235666879276572,0.153611875290781
"367513810",0.00784829267153534,0.543744856329879,0.167461555797869,0.115443928007019,0.165501367193697
"367514890",0.00217792484072546,0.571200714719804,0.15205001883107,0.0948746273326279,0.179696714275773
"367516940",0.00496138737197159,0.567764321832007,0.183643305515163,0.086845844617917,0.156785140662941
"367523880",0.00468925519647617,0.516680980010243,0.228315428475365,0.0373803384604216,0.212933997857494
"367556120",0.00434818206239788,0.598273565136928,0.174397144209196,0.0832327545826358,0.139748354008842
"367557620",0.00737848193485658,0.602462811478083,0.155823827548258,0.0755942020111359,0.158740677027666
"367568960",0.00477531142383439,0.568881794887147,0.161024048405076,0.085645446959022,0.17967339832492
"367571490",0,0.839469795138844,0.0263067946568928,0.0650844981237446,0.0691389120805189
"367578510",0.00598231923397263,0.497513887209133,0.190895502658682,0.13942335160568,0.166184939292532
"367581690",0.109843935655681,0.402490060041518,0.1937333731306,0.0929611429505543,0.200971488221646
"367589370",0.00329562767388457,0.53966526570162,0.172457075990274,0.0153438970605991,0.269238133573624
"367590390",0.00495948356812598,0.56928145604281,0.201354681051571,0.0439449046027116,0.180459474734782
"367593450",0.0013112693357062,0.429384364280678,0.0498389208649912,0.437304887967153,0.0821605575514712
"367598710",0.0361857297947626,0.485427987363411,0.20052502949608,0.0226511095372513,0.255210143808495
"367601630",0.00229773517086612,0.54598050411608,0.21585370526295,0.0378545904215759,0.198013465028528
"367602730",0.00751145650818252,0.575088488009147,0.186173684498778,0.0365400299290766,0.194686341054815
"367602740",0.00785142735527031,0.560901590725612,0.194406581225738,0.0384286132953582,0.198411787398021
"367602750",0.0186711805082463,0.536866442297761,0.205480820990873,0.064596726174973,0.174384830028147
"367603420",0.00657887117979147,0.581985512084016,0.175087421056324,0.0474948606799899,0.188853334999878
"367604540",0.0107617751923231,0.557365431449221,0.168168268371678,0.0767934981509203,0.186911026835857
"367607880",0.00459767012554536,0.59539921648512,0.193886037810675,0.0709986441425153,0.135118431436144
"367638270",0.0144170451832347,0.587592311207584,0.171187471099913,0.0493348625613467,0.177468309947921
"367638280",0.00931196192404972,0.486623872783097,0.181295444297582,0.13151511817115,0.191253602824122
"367639430",0.00537436168708142,0.553736886408213,0.209594691145968,0.0601569812389278,0.171137079519809
"367645140",0.00933686590916145,0.587340131269607,0.191270630337709,0.0427735156907052,0.169278856792818
"367659170",0.00675743919678385,0.571684633707931,0.168046698309223,0.0597172130174665,0.193794015768595
"367662660",0.0141072281815115,0.620305275436787,0.173157490965967,0.0423693980149889,0.150060607400745
"367663880",0.0148241944394947,0.441873939175579,0.136882596921251,0.311327627345641,0.0950916421180348
"367667090",0.00282910499236909,0.597310452336668,0.225387668610382,0.0462776372358819,0.128195136824699
"367667630",0.0026989564918592,0.138825933536922,0.120693910657329,0.604764850115955,0.133016349197935
"367682040",0.000416909869231724,0.481663947082253,0.118417762614241,0.0101603406722449,0.389341039762029
"367692620",0.00185654647486762,0.812308482229446,0.0256520208650567,0.0660181104762748,0.0941648399543546
"367699410",0.00635729372380455,0.49862772573538,0.212449914936627,0.0894956902258063,0.193069375378381
"367705430",0.00809399239202373,0.519088000074371,0.185044473590771,0.0794767765916201,0.208296757351214
"367707220",0.0857493348534693,0.474190998086407,0.186289003467618,0.0894507610458462,0.164319902546659
"367707290",0.0567995007572321,0.536241977880813,0.157443856360006,0.105530200181392,0.143984464820556
"367711550",0.00403342717846767,0.534235010345675,0.215239493266512,0.0515300323540451,0.194962036855299
"367716130",0.00624882685221108,0.549863226543794,0.144159675787647,0.0787093131576846,0.221018957658664
"367719270",0.00166146145692254,0.537543714314621,0.172180751939271,0.0131522758099426,0.275461796479243
"367722830",0.00575245539647789,0.580263154904559,0.202092967134902,0.0384865841082468,0.173404838455813
"367729830",0.00401183997811798,0.579596322593955,0.179804442063696,0.0799998994264064,0.156587495937825
"367732990",0.010450459412708,0.556310496787804,0.208248687519973,0.0464246849093061,0.178565671370209
"367733060",0.0122512444775731,0.58578325119996,0.16614287010721,0.0647065645412703,0.171116069673986
"367738010",0.0114167547295755,0.517486724889207,0.227509045406607,0.0329628453196819,0.210624629654929
"367743820",0.00185444428102852,0.625110371536891,0.171459935739162,0.0591322065498184,0.1424430418931
"367754830",0.0117434608051096,0.527019277870515,0.201679180185442,0.0447065887427668,0.214851492396166
"367755180",0.0039773982003233,0.608512735069391,0.182645849643911,0.0223093383544361,0.182554678731939
"367755410",0.023957580522797,0.498787193211988,0.221643278881406,0.0290213636024721,0.226590583781337
"367756070",0.0125519123524028,0.518126512884255,0.203629448787074,0.044930595025345,0.220761530950923
"367761510",0.169448205209296,0.499146575032781,0.176688289067073,0.0228483659827009,0.13186856470815
"367762610",0.011929648403592,0.595749556154528,0.152286010713224,0.0680895027539906,0.171945281974665
"367762810",0.00319385277463095,0.633226669912877,0.154095615502067,0.0485065079159617,0.160977353894464
"367776630",0.00756898188769872,0.613138734517015,0.152817795234077,0.0196382940699315,0.206836194291279
"367789570",0.00213053050447251,0.53387207764827,0.187520469819994,0.0275084464960456,0.248968475531217
"368001590",0.000601787362811354,0.649092042833251,0.151243342284441,0.0240634757248114,0.174999351794686
"368144000",0.00903104164261956,0.553529259843715,0.171656911651899,0.0729677342146263,0.19281505264714
"368492000",0.00207652909526327,0.548237526269572,0.206387363857437,0.0360452225834403,0.207253358194287
"369004000",0.0013915357711721,0.655748597182538,0.18701372381426,0.0764147460375342,0.0794313971944953
"369059000",0.589105332463172,0.0421215977698818,0.100706681324127,0.0123307388936876,0.255735649549132
"369060000",0.616060755888875,0.0448545449534218,0.0969223723832107,0.0147943527617818,0.22736797401271
"369188000",0.626509267752923,0.0521487364515741,0.0953829259684206,0.0158201792258059,0.210138890601277
"369189000",0.657948107594986,0.0425090137963082,0.0954933583648086,0.0111092041096905,0.192940316134207
"372702000",0.050803633104552,0.468978707584055,0.145437294612342,0.207952310338733,0.126828054360317
"412002142",0.0436390908255197,0.0559691913735676,0.711472246542564,0.0609000800558326,0.128019391202515
"412004811",0.12027848317973,0.20977544440323,0.0848118241218935,0.0191343053613719,0.565999942933775
"412125400",0.847259770961526,0.071289929799351,0.0330020039155433,0.0291665323977116,0.0192817629258684
"412200078",0.0451348140022353,0.536972811484749,0.158017224573718,0.0739836104249113,0.185891539514387
"412200079",0.0466423513665157,0.440817004160599,0.157699206484244,0.0521608733430108,0.302680564645631
"412201817",0.505894838245902,0.0966273155585121,0.0811125918217488,0.0131284612311845,0.303236793142652
"412201818",0.519506612827542,0.0874763988377782,0.0709472865495637,0.0105033921622807,0.311566309622835
"412205130",0.0316166488408358,0.592856923882171,0.101192593394252,0.178497581167267,0.0958362527154741
"412205140",0.0133535259050467,0.556138081223421,0.126634381694363,0.172120267189922,0.131753743987246
"412205520",0.0187760094996557,0.563501870996664,0.12047129230618,0.182186775211196,0.115064051986304
"412209076",0.0504783404892993,0.520555782898277,0.14222691506764,0.142146944821766,0.144592016723019
"412209077",0.0334702601346129,0.544097542614369,0.136790157948878,0.181070567665788,0.104571471636352
"412209187",0.0190121619720729,0.603554468192437,0.139423779877661,0.110544404284761,0.127465185673068
"412209188",0.0877675740951583,0.493573048423655,0.149317251249318,0.121943591794195,0.147398534437674
"412209233",0.450964075337201,0.130760681811688,0.0797012625750844,0.0187225791771706,0.319851401098855
"412209234",0.382667419357626,0.183425110777933,0.0832171023602236,0.0193802835507577,0.331310083953459
"412270001",0.0572906422551104,0.555360393045046,0.120119691375172,0.157131575237429,0.110097698087242
"412270059",0.0524159704168871,0.561538963127932,0.125390213669788,0.160091871220067,0.100562981565326
"412300365",0.555243280527162,0.0846920385367425,0.0639235388338894,0.0119073285969225,0.284233813505284
"412302021",0.0576531987866458,0.538640643074017,0.144756397707068,0.152644318130162,0.106305442302108
"412320023",0.673096633470389,0.0390409761049625,0.057640742603665,0.0103980877294204,0.219823560091563
"412320024",0.689496612024453,0.0387767443732608,0.0500132733283623,0.00977754206781679,0.211935828206107
"412320026",0.664952022428325,0.0398927262085344,0.0658076762072514,0.0108112872163247,0.218536287939565
"412321680",0.706346670559896,0.0351914972165486,0.0779188872534019,0.0204144199585936,0.16012852501156
"412322630",0.621735523414721,0.0749307385723008,0.134533462738769,0.0292799533366706,0.139520321937538
"412326798",0.510349065150096,0.0948817404864002,0.0987222998373106,0.0973747900639648,0.198672104462228
"412326799",0.542884661635214,0.140633592330617,0.112636792311964,0.0494566740519994,0.154388279670206
"412326873",0.51970779291608,0.113722354274608,0.127094359051898,0.0314519735338535,0.208023520223561
"412326875",0.360864437139704,0.258680331175963,0.084723144689482,0.0297581663036567,0.265973920691194
"412326876",0.132013869586461,0.360801131599064,0.132342335686113,0.0367183764979018,0.33812428663046
"412326881",0.266712249989479,0.121043929838824,0.0796972095691433,0.0142124902007064,0.518334120401847
"412326893",0.660269210750412,0.0448108003432942,0.0556625734166654,0.010261779696493,0.228995635793136
"412326894",0.660537143565207,0.0460989348486765,0.0539347067750282,0.00878260922091089,0.230646605590177
"412326895",0.636295201004682,0.0445457728817551,0.0513815827130016,0.0100544670236891,0.257722976376872
"412326901",0.655828860741941,0.0426322263152995,0.0566458447072815,0.00829732387154356,0.236595744363934
"412326902",0.642060723993875,0.042666876563372,0.0633835032580473,0.0106207294930165,0.24126816669169
"412326903",0.671973052753617,0.0322902025103821,0.0506793044927352,0.00922877785613125,0.235828662387134
"412326904",0.657432058675889,0.0400569967695944,0.0560274617518173,0.0125188795319621,0.233964603270737
"412326905",0.647614780369496,0.0560093030765648,0.0634675416240232,0.0106924715356719,0.222215903394244
"412326906",0.655695901661001,0.0501187808549387,0.0581572610450186,0.00979037366316119,0.22623768277588
"412326971",0.617559125041874,0.158624658459413,0.0647890126783936,0.0433429636541785,0.115684240166141
"412328714",0.0182812354447157,0.556917128381878,0.156738470368708,0.105006824749365,0.163056341055333
"412328724",0.41499478290259,0.139512059179824,0.120505085014191,0.0232331809728407,0.301754891930554
"412328725",0.448438807210251,0.129682749680227,0.129087763335999,0.0157472988860139,0.27704338088751
"412328726",0.503570144125702,0.135240553232406,0.128842119852667,0.0179464172377435,0.214400765551481
"412328728",0.200135555779252,0.297262957208169,0.152006408552318,0.0372175412030367,0.313377537257223
"412328755",0.703287596753969,0.0365976895824653,0.0500991957405101,0.0105730226238184,0.199442495299237
"412328756",0.620848941659141,0.0401695891002564,0.0691379011910151,0.0109753868999259,0.258868181149662
"412328757",0.665722906822943,0.0411917516964374,0.0623074336243843,0.0104480809958984,0.220329826860337
"412328758",0.68963647165745,0.0362177426730405,0.0541515881507043,0.0114306224117349,0.20856357510707
"412328761",0.658675806033022,0.0441182664108595,0.0567491382229821,0.011818580896059,0.228638208437077
"412328793",0.318319815959471,0.23911325557024,0.0911341806999109,0.0338540235777664,0.317578724192612
"412328795",0.389524043479704,0.19788262510767,0.0892955191531189,0.0883431055130948,0.234954706746412
"412328796",0.126689384534718,0.352379017826238,0.211336510412919,0.0795449168644123,0.230050170361712
"412329402",0.88846105244586,0.00742627371412631,0.0229195823786488,0.00879482050340587,0.0723982709579589
"412329408",0.636127575917408,0.0346750664842116,0.112383214626895,0.0206147161557556,0.196199426815729
"412329416",0.264663268379776,0.126852113488966,0.0756838293169287,0.0130524700856577,0.519748318728672
"412329417",0.211563117518556,0.291809661597247,0.120798509010362,0.02439890612496,0.351429805748874
"412329418",0.092633620866065,0.442618828669053,0.144294792234573,0.0391619519838905,0.281290806246418
"412329422",0.0953373432187487,0.466124569636813,0.129104617716074,0.0880431532365573,0.221390316191807
"412329423",0.291771982653798,0.272699481426168,0.112261967821336,0.0281007315168761,0.295165836581823
"412329425",0.324085422284237,0.256213476939145,0.0888815022945468,0.0219102648803549,0.308909333601717
"412329426",0.305609626994799,0.076593171127114,0.0727891067488586,0.0153877547767419,0.529620340352487
"412329428",0.765660801428054,0.106764236296588,0.0411196977948925,0.0658354561021874,0.0206198083782784
"412329459",0.607618960897947,0.0778095891612231,0.124391926779939,0.0235287480952119,0.166650775065679
"412329461",0.478955601555619,0.134372792555361,0.14302220607898,0.0351617642022211,0.208487635607818
"412329557",0.278725326809351,0.341716056249236,0.140146007842473,0.0449129842996065,0.194499624799333
"412329588",0.399647510601062,0.231557426709697,0.160041349427715,0.028732560129936,0.18002115313159
"412330102",0.770374375479103,0.0407507170545656,0.0900697372646811,0.029124115212551,0.0696810549890991
"412330103",0.632386739211502,0.0957121410376404,0.104495602346383,0.0259553032245239,0.141450214179951
"412330104",0.721740108662248,0.0639539620582961,0.0877893507161629,0.0333228385637757,0.0931937399995169
"412330105",0.586642997139746,0.101424729911164,0.108105657376746,0.0398398787930102,0.163986736779334
"412331009",0.459690317795494,0.138916690891581,0.11384085235805,0.0216507305559017,0.265901408398973
"412331011",0.537009006781353,0.082133297219579,0.109184990199776,0.0127967656565409,0.258875940142752
"412331012",0.624473131816861,0.0612860464316445,0.104628076154279,0.0119934682502891,0.197619277346926
"412331013",0.575670674163506,0.0744554275523472,0.0859334680588347,0.0114469244656954,0.252493505759616
"412331026",0.0367872267757271,0.585339909768245,0.112850869534985,0.180455296446965,0.0845666974740788
"412331027",0.0223058705328953,0.547845451638206,0.171527656597428,0.118124911223367,0.140196110008105
"412331028",0.0157696837971318,0.51612896236099,0.167283282107164,0.140467310511873,0.160350761222841
"412331029",0.0212416670251242,0.549606175066603,0.169584920549849,0.109390007464116,0.150177229894308
"412331031",0.0230529244435668,0.537781948014414,0.165009265709161,0.0947860615295336,0.179369800303324
"412331032",0.0231329760041477,0.534995408574642,0.179171042033183,0.115965534987461,0.146735038400566
"412331033",0.0232634300672633,0.548180548859056,0.178154704193554,0.114476358317889,0.135924958562238
"412331063",0.211649425162456,0.323169545009102,0.126571758128021,0.0283374714544878,0.310271800245933
"412331064",0.371251718825862,0.212022745834755,0.0942644261384985,0.0299327782212332,0.292528330979651
"412331099",0.682385461104149,0.0283131247098673,0.0635614938332847,0.00806421552447175,0.217675704828227
"412331101",0.687136472589922,0.0358721106700364,0.0497848802225153,0.00902310333235999,0.218183433185166
"412331102",0.681896486477796,0.0347683971993421,0.0518786269031806,0.00880753055466192,0.22264895886502
"412331103",0.671121179304929,0.0350047116836998,0.0585360880446813,0.00887723200665267,0.226460788960037
"412331104",0.670573028159663,0.0377008695797621,0.0463556088705092,0.00867210400908461,0.236698389380981
"412331105",0.718988047158246,0.0281313599563926,0.0573077080444117,0.00874012139843037,0.18683276344252
"412371191",0.0120701377208495,0.591984530332744,0.179868496051524,0.0699327382807072,0.146144097614175
"412371192",0.0495240395571798,0.513980038113244,0.142496682031089,0.172753940395557,0.12124529990293
"412371197",0.150729143375244,0.365268218240192,0.116695085677949,0.0284773414370388,0.338830211269575
"412371198",0.0809533439942731,0.42007972327005,0.116295202600985,0.0348431550186347,0.347828575116057
"412371206",0.104779601330945,0.457844843153124,0.113948592800759,0.0535289691111954,0.269897993603977
"412371207",0.0793526672188929,0.432205422760098,0.125588857046057,0.0654492071971676,0.297403845777784
"412371208",0.0606338006434531,0.447706065504544,0.130013164549476,0.0700169823704507,0.291629986932076
"412400154",0.715472733824048,0.129194291344107,0.030584329568616,0.0846562033353919,0.0400924419278373
"412420195",0.525240641402067,0.161195645191612,0.101440841238279,0.0362628463811542,0.175860025786888
"412420236",0.578624517493371,0.117679428703899,0.0806123547216234,0.0728765086957548,0.150207190385352
"412420237",0.634177383741975,0.108564819960184,0.0665379834449245,0.0697346189729524,0.120985193879964
"412420238",0.592217479341808,0.113559417749701,0.0703457283260311,0.0740205717688081,0.149856802813651
"412420239",0.509272770814193,0.0760853451915118,0.0148204047868667,0.209011068319595,0.190810410887833
"412420433",0.529401128225479,0.201725783570512,0.0484676467214455,0.178863198230896,0.041542243251667
"412420434",0.693622830484614,0.0359789929239533,0.0487719733473692,0.0119466618471116,0.209679541396952
"412420435",0.566833202156636,0.198833393647852,0.0473693907493444,0.14447164434955,0.0424923690966174
"412420436",0.626151761658357,0.111443415176207,0.0747275323336524,0.0192161898289122,0.168461101002872
"412420582",0.808640515025999,0.0752687849402943,0.0292215926481007,0.0492139729237438,0.037655134461862
"412420583",0.756134701046976,0.108388624795184,0.0262684681274666,0.0736083525146977,0.0355998535156758
"412420585",0.750986406687785,0.108432386059229,0.0309318861888503,0.074497079569856,0.035152241494279
"412420792",0.742538090903934,0.0858457901460424,0.05084279758137,0.0613020717887622,0.0594712495798919
"412420793",0.747900264404713,0.0855327921142142,0.0410414747473573,0.0688717136155267,0.0566537551181885
"412420794",0.572094866082895,0.223147224799716,0.0536341937089694,0.0869694452122173,0.0641542701962025
"412420795",0.42624180678956,0.322659460768443,0.0638882419380364,0.137116457317459,0.050094033186502
"412420796",0.609450726188304,0.15280367831216,0.0362620725468179,0.111781586222427,0.0897019367302909
"412420811",0.638854993888575,0.141499659446766,0.0453399169407218,0.0899626688238964,0.084342760900041
"412420812",0.658892344632788,0.126163924597872,0.0405166419249756,0.0696841666798659,0.104742922164498
"412420813",0.567669436608312,0.150143959507311,0.0489835799345934,0.12159152463149,0.111611499318294
"412420814",0.616702656166323,0.108427906321073,0.0710228969084106,0.110528011631492,0.0933185289727012
"412420817",0.398927041353924,0.165417157620964,0.0743899879301411,0.0187022273649658,0.342563585730005
"412420818",0.511269112803074,0.112495914400784,0.053480739965101,0.0113764360100608,0.311377796820981
"412420819",0.649306175615484,0.0964826342390311,0.0395694898864484,0.117262755200193,0.0973789450588436
"412420846",0.664740860717966,0.0489874957832454,0.0619979014775531,0.0139932658617361,0.210280476159499
"412420847",0.536939979293231,0.0642685400051363,0.152440276029641,0.0579381833368919,0.1884130213351
"412420848",0.601569742095265,0.0752870947036847,0.0799622568455464,0.0178458502063386,0.225335056149165
"412420849",0.514781759038434,0.100710449532512,0.0888458548948454,0.0206542168491728,0.275007719685036
"412420851",0.667637546189281,0.0741148903723096,0.052735053635992,0.0186469195359836,0.186865590266434
"412420852",0.662179050267154,0.0834898386214637,0.0626100935253719,0.0251003302588794,0.166620687327132
"412420863",0.689917921343734,0.0353648391400409,0.0853833789264843,0.0124017716280192,0.176932088961722
"412420864",0.630786095819836,0.14996422406961,0.0519532440030687,0.0442431889203716,0.123053247187114
"412420865",0.683842615428458,0.131348234272851,0.0383809396839334,0.0577289685644972,0.0886992420502601
"412420867",0.628374768890241,0.151023101174902,0.0520514570473454,0.0448387258632835,0.123711947024228
"412420875",0.445862112721685,0.120542884786709,0.0868960406986575,0.204867956260534,0.141831005532416
"412420876",0.0067155233065961,0.614370343917983,0.163536571495606,0.0906723872756074,0.124705174004208
"412420877",0.434760982664505,0.10486335038898,0.0939049801117555,0.199946996937089,0.166523689897671
"412420892",0.000711067474068735,0.559276865543512,0.108625479853599,0.0682534671228213,0.263133120005999
"412420893",0.000763806753301997,0.559937154826109,0.119595203404911,0.0765345084326445,0.243169326583033
"412420896",0.773790456163217,0.102080223232725,0.0398667508122219,0.0436853688183626,0.0405772009734735
"412420901",0.763586757972902,0.104048228049205,0.0380722467834641,0.0585936380073816,0.035699129187047
"412420902",0.763537299647978,0.10424409833278,0.0359068132026604,0.0604100251445017,0.0359017636720798
"412420903",0.765093847674797,0.10187506167677,0.0395833151087045,0.0564958613569574,0.036951914182771
"412420905",0.657227032994626,0.122703416706983,0.0529418750855535,0.0609480560865694,0.106179619126269
"412420906",0.786559334229002,0.0904482135096997,0.0300216757916542,0.0529213834160638,0.04004939305358
"412420911",0.680409668293023,0.102367874290922,0.0589189006965562,0.0466975004789902,0.111606056240509
"412420913",0.493227617179917,0.198191903293372,0.0551935542684116,0.125384377332532,0.128002547925767
"412420914",0.608776223655963,0.14859776002189,0.0745287243377644,0.0614357274769163,0.106661564507467
"412420915",0.663008962480817,0.110904473769471,0.0514489619388876,0.0557198188957057,0.118917782915119
"412420939",0.706332427737662,0.0728897707693347,0.125864892713864,0.033830239631296,0.0610826691478442
"412420944",0.72935864882098,0.0635721490025064,0.117724962724335,0.0338259203845891,0.0555183190675895
"412420946",0.704675304423846,0.0720682756005807,0.0591653358432064,0.132802648716072,0.0312884354162946
"412420985",0.0281026387050647,0.527789674824365,0.258959992401503,0.059105076880469,0.126042617188599
"412421023",0.655196535901802,0.127809732183521,0.0500135471717863,0.0789144167907076,0.0880657679521831
"412421025",0.627281189193177,0.138392203401667,0.0397365151344141,0.0934390645309548,0.101151027739787
"412421026",0.650921653450615,0.126779005599458,0.0473729237025361,0.0825781845387903,0.0923482327086011
"412421077",0.00878803992835789,0.472736466637176,0.089929072817181,0.0320356689445989,0.396510751672686
"412421081",0.0208147608111089,0.449870615886636,0.0909628347721122,0.0325243647040598,0.405827423826083
"412421094",0.183980432707979,0.260927455631444,0.0905902057282914,0.0779815060324598,0.386520399899826
"412421095",0.050607984333335,0.419254727938703,0.124772265442796,0.0542899973197056,0.351075024965461
"412421098",0.0245175606069361,0.48800837318805,0.115232824505296,0.0600492138779333,0.312192027821784
"412440009",0.042009384454871,0.389478881287525,0.208274175232175,0.186877240713109,0.173360318312321
"412440011",0.0685387287834143,0.387052429016613,0.235861561797738,0.159947589691588,0.148599690710646
"412440029",0.0358484416086295,0.508530581021074,0.184068756527759,0.0831138842242357,0.188438336618302
"412440031",0.0623516203175803,0.505389151032011,0.172722803436409,0.0612107572195781,0.198325667994421
"412440032",0.0199026527250117,0.573112197768237,0.18167392155118,0.105361360917929,0.119949867037643
"412440035",0.0763899498899829,0.259074745131213,0.248234213404084,0.252210650557393,0.164090441017327
"412440038",0.0305528586765621,0.411116763960571,0.175020545363743,0.19225843604082,0.191051395958303
"412440044",0.0622801875655236,0.242343679155847,0.341513228200124,0.0794350223354928,0.274427882743013
"412440045",0.0611612522794895,0.420909000773575,0.184057689101015,0.182736018313284,0.151136039532636
"412440046",0.0507389535265606,0.355305329095567,0.215667115308221,0.188702090526618,0.189586511543034
"412440047",0.065667752232741,0.260822466633986,0.217165962238589,0.274932601072534,0.181411217822151
"412440234",0.0125218281226133,0.25782771583605,0.301627762340637,0.348487063760368,0.0795356299403312
"412440235",0,0.577259475218659,0.0427599611273081,0.373177842565598,0.00680272108843537
"412440237",0.0282997414644135,0.299205992210082,0.0869442469866648,0.573472151239156,0.012077868099683
"412440238",0.0118450960492104,0.377353686288345,0.26550832840003,0.256385784751274,0.0889071045111402
"412440549",0.0347538920504393,0.24275462347371,0.473047903753381,0.125634672152566,0.123808908569905
"412440551",0.0192043474835227,0.140375801665173,0.579740508035375,0.156629362099659,0.10404998071627
"412440552",0.0204246192525528,0.166646986508436,0.593003784033006,0.111734279058109,0.108190331147897
"412440553",0.0183553886062962,0.209434180398923,0.519765550532315,0.136566579398273,0.115878301064193
"412440554",0.013124264023193,0.281674011381988,0.472794650992461,0.111467538726373,0.120939534875985
"412440563",0.0518288792660379,0.225069424214439,0.359537006703912,0.218056722939423,0.145507966876187
"412440564",0.04828098689612,0.287599459713713,0.301502351160933,0.215856197443713,0.14676100478552
"412440801",0.0121081830082509,0.0526424689553452,0.408054530569212,0.46038087608406,0.0668139413831315
"412440802",0.0219849229185722,0.121425231834239,0.657420578078218,0.0922213366898686,0.106947930479103
"412440806",0.0135061227888743,0.0710196365558309,0.382224317551253,0.45447918392055,0.0787707391834916
"412446782",0.0852127478253654,0.157240269929246,0.488213691802075,0.114321832068324,0.15501145837499
"412446783",0.0327674427697271,0.118039504245859,0.354390450648789,0.402218685000423,0.092583917335201
